{
 "cells": [
  {
   "cell_type": "code",
   "execution_count": 1,
   "id": "e4080526",
   "metadata": {},
   "outputs": [],
   "source": [
    "%matplotlib inline\n",
    "\n",
    "from pathlib import Path\n",
    "\n",
    "import pandas as pd\n",
    "from sklearn import preprocessing\n",
    "from sklearn.metrics import pairwise\n",
    "from scipy.cluster.hierarchy import dendrogram, linkage, fcluster\n",
    "from sklearn.cluster import KMeans\n",
    "import matplotlib.pylab as plt\n",
    "import seaborn as sns\n",
    "from pandas.plotting import parallel_coordinates\n"
   ]
  },
  {
   "cell_type": "markdown",
   "id": "a6ad22f9",
   "metadata": {},
   "source": [
    "## code for computing distance between records"
   ]
  },
  {
   "cell_type": "code",
   "execution_count": 3,
   "id": "1f597470",
   "metadata": {},
   "outputs": [
    {
     "data": {
      "text/html": [
       "<div>\n",
       "<style scoped>\n",
       "    .dataframe tbody tr th:only-of-type {\n",
       "        vertical-align: middle;\n",
       "    }\n",
       "\n",
       "    .dataframe tbody tr th {\n",
       "        vertical-align: top;\n",
       "    }\n",
       "\n",
       "    .dataframe thead th {\n",
       "        text-align: right;\n",
       "    }\n",
       "</style>\n",
       "<table border=\"1\" class=\"dataframe\">\n",
       "  <thead>\n",
       "    <tr style=\"text-align: right;\">\n",
       "      <th></th>\n",
       "      <th>Company</th>\n",
       "      <th>Fixed_charge</th>\n",
       "      <th>RoR</th>\n",
       "      <th>Cost</th>\n",
       "      <th>Load_factor</th>\n",
       "      <th>Demand_growth</th>\n",
       "      <th>Sales</th>\n",
       "      <th>Nuclear</th>\n",
       "      <th>Fuel_Cost</th>\n",
       "    </tr>\n",
       "  </thead>\n",
       "  <tbody>\n",
       "    <tr>\n",
       "      <th>0</th>\n",
       "      <td>Arizona</td>\n",
       "      <td>1.06</td>\n",
       "      <td>9.2</td>\n",
       "      <td>151</td>\n",
       "      <td>54.4</td>\n",
       "      <td>1.6</td>\n",
       "      <td>9077</td>\n",
       "      <td>0.0</td>\n",
       "      <td>0.628</td>\n",
       "    </tr>\n",
       "    <tr>\n",
       "      <th>1</th>\n",
       "      <td>Boston</td>\n",
       "      <td>0.89</td>\n",
       "      <td>10.3</td>\n",
       "      <td>202</td>\n",
       "      <td>57.9</td>\n",
       "      <td>2.2</td>\n",
       "      <td>5088</td>\n",
       "      <td>25.3</td>\n",
       "      <td>1.555</td>\n",
       "    </tr>\n",
       "    <tr>\n",
       "      <th>2</th>\n",
       "      <td>Central</td>\n",
       "      <td>1.43</td>\n",
       "      <td>15.4</td>\n",
       "      <td>113</td>\n",
       "      <td>53.0</td>\n",
       "      <td>3.4</td>\n",
       "      <td>9212</td>\n",
       "      <td>0.0</td>\n",
       "      <td>1.058</td>\n",
       "    </tr>\n",
       "    <tr>\n",
       "      <th>3</th>\n",
       "      <td>Commonwealth</td>\n",
       "      <td>1.02</td>\n",
       "      <td>11.2</td>\n",
       "      <td>168</td>\n",
       "      <td>56.0</td>\n",
       "      <td>0.3</td>\n",
       "      <td>6423</td>\n",
       "      <td>34.3</td>\n",
       "      <td>0.700</td>\n",
       "    </tr>\n",
       "    <tr>\n",
       "      <th>4</th>\n",
       "      <td>NY</td>\n",
       "      <td>1.49</td>\n",
       "      <td>8.8</td>\n",
       "      <td>192</td>\n",
       "      <td>51.2</td>\n",
       "      <td>1.0</td>\n",
       "      <td>3300</td>\n",
       "      <td>15.6</td>\n",
       "      <td>2.044</td>\n",
       "    </tr>\n",
       "  </tbody>\n",
       "</table>\n",
       "</div>"
      ],
      "text/plain": [
       "        Company  Fixed_charge   RoR  Cost  Load_factor  Demand_growth  Sales  \\\n",
       "0      Arizona           1.06   9.2   151         54.4            1.6   9077   \n",
       "1       Boston           0.89  10.3   202         57.9            2.2   5088   \n",
       "2      Central           1.43  15.4   113         53.0            3.4   9212   \n",
       "3  Commonwealth          1.02  11.2   168         56.0            0.3   6423   \n",
       "4            NY          1.49   8.8   192         51.2            1.0   3300   \n",
       "\n",
       "   Nuclear  Fuel_Cost  \n",
       "0      0.0      0.628  \n",
       "1     25.3      1.555  \n",
       "2      0.0      1.058  \n",
       "3     34.3      0.700  \n",
       "4     15.6      2.044  "
      ]
     },
     "execution_count": 3,
     "metadata": {},
     "output_type": "execute_result"
    }
   ],
   "source": [
    "utilities_df = pd.read_csv(\"Utilities.csv\")\n",
    "utilities_df.head()"
   ]
  },
  {
   "cell_type": "code",
   "execution_count": 4,
   "id": "36084c35",
   "metadata": {},
   "outputs": [
    {
     "data": {
      "text/html": [
       "<div>\n",
       "<style scoped>\n",
       "    .dataframe tbody tr th:only-of-type {\n",
       "        vertical-align: middle;\n",
       "    }\n",
       "\n",
       "    .dataframe tbody tr th {\n",
       "        vertical-align: top;\n",
       "    }\n",
       "\n",
       "    .dataframe thead th {\n",
       "        text-align: right;\n",
       "    }\n",
       "</style>\n",
       "<table border=\"1\" class=\"dataframe\">\n",
       "  <thead>\n",
       "    <tr style=\"text-align: right;\">\n",
       "      <th></th>\n",
       "      <th>Fixed_charge</th>\n",
       "      <th>RoR</th>\n",
       "      <th>Cost</th>\n",
       "      <th>Load_factor</th>\n",
       "      <th>Demand_growth</th>\n",
       "      <th>Sales</th>\n",
       "      <th>Nuclear</th>\n",
       "      <th>Fuel_Cost</th>\n",
       "    </tr>\n",
       "    <tr>\n",
       "      <th>Company</th>\n",
       "      <th></th>\n",
       "      <th></th>\n",
       "      <th></th>\n",
       "      <th></th>\n",
       "      <th></th>\n",
       "      <th></th>\n",
       "      <th></th>\n",
       "      <th></th>\n",
       "    </tr>\n",
       "  </thead>\n",
       "  <tbody>\n",
       "    <tr>\n",
       "      <th>Arizona</th>\n",
       "      <td>1.06</td>\n",
       "      <td>9.2</td>\n",
       "      <td>151</td>\n",
       "      <td>54.4</td>\n",
       "      <td>1.6</td>\n",
       "      <td>9077</td>\n",
       "      <td>0.0</td>\n",
       "      <td>0.628</td>\n",
       "    </tr>\n",
       "    <tr>\n",
       "      <th>Boston</th>\n",
       "      <td>0.89</td>\n",
       "      <td>10.3</td>\n",
       "      <td>202</td>\n",
       "      <td>57.9</td>\n",
       "      <td>2.2</td>\n",
       "      <td>5088</td>\n",
       "      <td>25.3</td>\n",
       "      <td>1.555</td>\n",
       "    </tr>\n",
       "    <tr>\n",
       "      <th>Central</th>\n",
       "      <td>1.43</td>\n",
       "      <td>15.4</td>\n",
       "      <td>113</td>\n",
       "      <td>53.0</td>\n",
       "      <td>3.4</td>\n",
       "      <td>9212</td>\n",
       "      <td>0.0</td>\n",
       "      <td>1.058</td>\n",
       "    </tr>\n",
       "    <tr>\n",
       "      <th>Commonwealth</th>\n",
       "      <td>1.02</td>\n",
       "      <td>11.2</td>\n",
       "      <td>168</td>\n",
       "      <td>56.0</td>\n",
       "      <td>0.3</td>\n",
       "      <td>6423</td>\n",
       "      <td>34.3</td>\n",
       "      <td>0.700</td>\n",
       "    </tr>\n",
       "    <tr>\n",
       "      <th>NY</th>\n",
       "      <td>1.49</td>\n",
       "      <td>8.8</td>\n",
       "      <td>192</td>\n",
       "      <td>51.2</td>\n",
       "      <td>1.0</td>\n",
       "      <td>3300</td>\n",
       "      <td>15.6</td>\n",
       "      <td>2.044</td>\n",
       "    </tr>\n",
       "  </tbody>\n",
       "</table>\n",
       "</div>"
      ],
      "text/plain": [
       "              Fixed_charge   RoR  Cost  Load_factor  Demand_growth  Sales  \\\n",
       "Company                                                                     \n",
       "Arizona               1.06   9.2   151         54.4            1.6   9077   \n",
       "Boston                0.89  10.3   202         57.9            2.2   5088   \n",
       "Central               1.43  15.4   113         53.0            3.4   9212   \n",
       "Commonwealth          1.02  11.2   168         56.0            0.3   6423   \n",
       "NY                    1.49   8.8   192         51.2            1.0   3300   \n",
       "\n",
       "              Nuclear  Fuel_Cost  \n",
       "Company                           \n",
       "Arizona           0.0      0.628  \n",
       "Boston           25.3      1.555  \n",
       "Central           0.0      1.058  \n",
       "Commonwealth     34.3      0.700  \n",
       "NY               15.6      2.044  "
      ]
     },
     "execution_count": 4,
     "metadata": {},
     "output_type": "execute_result"
    }
   ],
   "source": [
    "# set row names to the utilities column\n",
    "utilities_df.set_index('Company', inplace = True)\n",
    "utilities_df.head()"
   ]
  },
  {
   "cell_type": "code",
   "execution_count": 5,
   "id": "9feb5482",
   "metadata": {},
   "outputs": [],
   "source": [
    "## while not required, the conversion of integer data to float\n",
    "## will avoid a warning when applying the scale function\n",
    "utilities_df = utilities_df.apply(lambda x: x.astype('float64'))\n",
    "            # df.apply(lambda x : ...) dataframe의 각 원소에 대해 적용됨  "
   ]
  },
  {
   "cell_type": "code",
   "execution_count": 6,
   "id": "4feec827",
   "metadata": {},
   "outputs": [
    {
     "name": "stdout",
     "output_type": "stream",
     "text": [
      "<class 'pandas.core.frame.DataFrame'>\n",
      "Index: 22 entries, Arizona  to Virginia\n",
      "Data columns (total 8 columns):\n",
      " #   Column         Non-Null Count  Dtype  \n",
      "---  ------         --------------  -----  \n",
      " 0   Fixed_charge   22 non-null     float64\n",
      " 1   RoR            22 non-null     float64\n",
      " 2   Cost           22 non-null     float64\n",
      " 3   Load_factor    22 non-null     float64\n",
      " 4   Demand_growth  22 non-null     float64\n",
      " 5   Sales          22 non-null     float64\n",
      " 6   Nuclear        22 non-null     float64\n",
      " 7   Fuel_Cost      22 non-null     float64\n",
      "dtypes: float64(8)\n",
      "memory usage: 1.5+ KB\n"
     ]
    }
   ],
   "source": [
    "utilities_df.info()"
   ]
  },
  {
   "cell_type": "code",
   "execution_count": 7,
   "id": "d7a18557",
   "metadata": {},
   "outputs": [
    {
     "data": {
      "text/plain": [
       "array([[    0.        ,  3989.40807617,   140.40285538,  2654.27763182,\n",
       "         5777.16767196,  2050.52943977,  1435.26501879,  4006.10418653,\n",
       "          671.27634634,  2622.69900172,  8364.03105122,  2923.13610276,\n",
       "         1899.27982096,   598.55663266,  2609.04536296,  6914.74206461,\n",
       "         3363.06162585,  1063.00907357,  4430.25158541,  1790.48564783,\n",
       "         2427.5888747 ,  1016.61769106],\n",
       "       [ 3989.40807617,     0.        ,  4125.04413172,  1335.46650199,\n",
       "         1788.06802698,  6039.6890759 ,  2554.28716246,  7994.15598526,\n",
       "         3318.2765576 ,  1367.09063398, 12353.06269793,  1066.57943191,\n",
       "         2091.16048509,  4586.30256362,  1380.74996249, 10903.14646362,\n",
       "          629.76074832,  5052.33166918,  8419.61054132,  2199.72166505,\n",
       "         1562.21081075,  5005.08126152],\n",
       "       [  140.40285538,  4125.04413172,     0.        ,  2789.75967357,\n",
       "         5912.5529085 ,  1915.15515444,  1571.29540091,  3872.25762571,\n",
       "          807.92079223,  2758.55966318,  8229.22328148,  3058.70742862,\n",
       "         2035.44151976,   461.34167002,  2744.50284712,  6780.43030749,\n",
       "         3498.11301303,   928.74924867,  4295.01469043,  1925.77256436,\n",
       "         2563.63736154,   883.53545549],\n",
       "       [ 2654.27763182,  1335.46650199,  2789.75967357,     0.        ,\n",
       "         3123.15321546,  4704.36309852,  1219.56000521,  6659.53456702,\n",
       "         1983.31435447,    43.64889379, 11018.05781195,   271.45273052,\n",
       "          756.83195415,  3250.98458893,    56.64462552,  9568.43442868,\n",
       "          710.29296491,  3717.2029629 ,  7084.37283912,   864.27315266,\n",
       "          232.4768708 ,  3670.01819065],\n",
       "       [ 5777.16767196,  1788.06802698,  5912.5529085 ,  3123.15321546,\n",
       "            0.        ,  7827.42921103,  4342.09379753,  9782.15817764,\n",
       "         5106.09415303,  3155.09559382, 14141.0225785 ,  2854.09948166,\n",
       "         3879.16746183,  6373.74324867,  3168.17746278, 12691.15510845,\n",
       "         2414.69875725,  6840.15029146, 10207.39263041,  3987.33596215,\n",
       "         3350.07311826,  6793.03530029],\n",
       "       [ 2050.52943977,  6039.6890759 ,  1915.15515444,  4704.36309852,\n",
       "         7827.42921103,     0.        ,  3485.67156211,  1959.73108028,\n",
       "         2721.70629643,  4672.82928555,  6314.35909168,  4973.50683989,\n",
       "         3949.0923158 ,  1454.29260443,  4659.35626185,  4866.11164907,\n",
       "         5413.09300443,   988.04455901,  2380.12497395,  3840.22794309,\n",
       "         4478.02887374,  1035.98147509],\n",
       "       [ 1435.26501879,  2554.28716246,  1571.29540091,  1219.56000521,\n",
       "         4342.09379753,  3485.67156211,     0.        ,  5440.46178077,\n",
       "          764.08318821,  1187.94114284,  9799.01555221,  1488.01490857,\n",
       "          466.55911793,  2032.614245  ,  1174.07561558,  8349.36643816,\n",
       "         1928.44148043,  2498.14902374,  5865.44718976,   358.47629336,\n",
       "          992.45325215,  2451.18516074],\n",
       "       [ 4006.10418653,  7994.15598526,  3872.25762571,  6659.53456702,\n",
       "         9782.15817764,  1959.73108028,  5440.46178077,     0.        ,\n",
       "         4676.63838386,  6627.29178013,  4359.59960469,  6928.32617395,\n",
       "         5903.39545008,  3412.26396516,  6614.49923878,  2909.0146786 ,\n",
       "         7368.81543675,  2943.53556984,   447.82867319,  5795.95881494,\n",
       "         6432.13220238,  2989.96398221],\n",
       "       [  671.27634634,  3318.2765576 ,   807.92079223,  1983.31435447,\n",
       "         5106.09415303,  2721.70629643,   764.08318821,  4676.63838386,\n",
       "            0.        ,  1951.62858032,  9035.00748793,  2252.02671728,\n",
       "         1228.43632652,  1269.10209896,  1938.02655654,  7585.46729351,\n",
       "         2692.21236082,  1734.10329699,  5101.41413958,  1119.94001411,\n",
       "         1756.37896609,  1687.23602974],\n",
       "       [ 2622.69900172,  1367.09063398,  2758.55966318,    43.64889379,\n",
       "         3155.09559382,  4672.82928555,  1187.94114284,  6627.29178013,\n",
       "         1951.62858032,     0.        , 10986.09801057,   304.2770336 ,\n",
       "          724.09618154,  3219.82510893,    53.30140082,  9536.24219185,\n",
       "          744.25366765,  3685.51008819,  7052.72388314,   833.47299455,\n",
       "          199.22840021,  3638.09754803],\n",
       "       [ 8364.03105122, 12353.06269793,  8229.22328148, 11018.05781195,\n",
       "        14141.0225785 ,  6314.35909168,  9799.01555221,  4359.59960469,\n",
       "         9035.00748793, 10986.09801057,     0.        , 11287.00691366,\n",
       "        10262.15728529,  7768.38479338, 10973.01095021,  1452.16200543,\n",
       "        11727.06629286,  7301.04086385,  3934.61752087, 10154.11879322,\n",
       "        10791.04927063,  7348.04901942],\n",
       "       [ 2923.13610276,  1066.57943191,  3058.70742862,   271.45273052,\n",
       "         2854.09948166,  4973.50683989,  1488.01490857,  6928.32617395,\n",
       "         2252.02671728,   304.2770336 , 11287.00691366,     0.        ,\n",
       "         1026.48299416,  3519.97756457,   314.35402957,  9837.281834  ,\n",
       "          442.13275996,  3986.10243332,  7353.37914642,  1134.14500965,\n",
       "          496.68741283,  3939.10035451],\n",
       "       [ 1899.27982096,  2091.16048509,  2035.44151976,   756.83195415,\n",
       "         3879.16746183,  3949.0923158 ,   466.55911793,  5903.39545008,\n",
       "         1228.43632652,   724.09618154, 10262.15728529,  1026.48299416,\n",
       "            0.        ,  2496.63889005,   713.66504624,  8812.30355916,\n",
       "         1466.99195381,  2961.83475021,  6328.91794796,   119.98126156,\n",
       "          531.47632781,  2914.20499335],\n",
       "       [  598.55663266,  4586.30256362,   461.34167002,  3250.98458893,\n",
       "         6373.74324867,  1454.29260443,  2032.614245  ,  3412.26396516,\n",
       "         1269.10209896,  3219.82510893,  7768.38479338,  3519.97756457,\n",
       "         2496.63889005,     0.        ,  3205.74887604,  6319.93383636,\n",
       "         3959.24074832,   470.16479239,  3834.01225705,  2386.9427507 ,\n",
       "         3024.95235455,   428.06525895],\n",
       "       [ 2609.04536296,  1380.74996249,  2744.50284712,    56.64462552,\n",
       "         3168.17746278,  4659.35626185,  1174.07561558,  6614.49923878,\n",
       "         1938.02655654,    53.30140082, 10973.01095021,   314.35402957,\n",
       "          713.66504624,  3205.74887604,     0.        ,  9523.41349929,\n",
       "          754.61209267,  3672.03540198,  7039.26206954,   820.16429745,\n",
       "          186.38865056,  3625.11886853],\n",
       "       [ 6914.74206461, 10903.14646362,  6780.43030749,  9568.43442868,\n",
       "        12691.15510845,  4866.11164907,  8349.36643816,  2909.0146786 ,\n",
       "         7585.46729351,  9536.24219185,  1452.16200543,  9837.281834  ,\n",
       "         8812.30355916,  6319.93383636,  9523.41349929,     0.        ,\n",
       "        10277.66037773,  5851.89330732,  2488.43222336,  8704.72127804,\n",
       "         9341.12661473,  5898.57696217],\n",
       "       [ 3363.06162585,   629.76074832,  3498.11301303,   710.29296491,\n",
       "         2414.69875725,  5413.09300443,  1928.44148043,  7368.81543675,\n",
       "         2692.21236082,   744.25366765, 11727.06629286,   442.13275996,\n",
       "         1466.99195381,  3959.24074832,   754.61209267, 10277.66037773,\n",
       "            0.        ,  4426.04188903,  7793.08394724,  1573.40837901,\n",
       "          938.52272579,  4379.21181756],\n",
       "       [ 1063.00907357,  5052.33166918,   928.74924867,  3717.2029629 ,\n",
       "         6840.15029146,   988.04455901,  2498.14902374,  2943.53556984,\n",
       "         1734.10329699,  3685.51008819,  7301.04086385,  3986.10243332,\n",
       "         2961.83475021,   470.16479239,  3672.03540198,  5851.89330732,\n",
       "         4426.04188903,     0.        ,  3367.31887039,  2853.29877814,\n",
       "         3490.42291795,    59.32528638],\n",
       "       [ 4430.25158541,  8419.61054132,  4295.01469043,  7084.37283912,\n",
       "        10207.39263041,  2380.12497395,  5865.44718976,   447.82867319,\n",
       "         5101.41413958,  7052.72388314,  3934.61752087,  7353.37914642,\n",
       "         6328.91794796,  3834.01225705,  7039.26206954,  2488.43222336,\n",
       "         7793.08394724,  3367.31887039,     0.        ,  6220.29672893,\n",
       "         6857.73586359,  3414.83145514],\n",
       "       [ 1790.48564783,  2199.72166505,  1925.77256436,   864.27315266,\n",
       "         3987.33596215,  3840.22794309,   358.47629336,  5795.95881494,\n",
       "         1119.94001411,   833.47299455, 10154.11879322,  1134.14500965,\n",
       "          119.98126156,  2386.9427507 ,   820.16429745,  8704.72127804,\n",
       "         1573.40837901,  2853.29877814,  6220.29672893,     0.        ,\n",
       "          640.7867703 ,  2806.16571173],\n",
       "       [ 2427.5888747 ,  1562.21081075,  2563.63736154,   232.4768708 ,\n",
       "         3350.07311826,  4478.02887374,   992.45325215,  6432.13220238,\n",
       "         1756.37896609,   199.22840021, 10791.04927063,   496.68741283,\n",
       "          531.47632781,  3024.95235455,   186.38865056,  9341.12661473,\n",
       "          938.52272579,  3490.42291795,  6857.73586359,   640.7867703 ,\n",
       "            0.        ,  3443.24096703],\n",
       "       [ 1016.61769106,  5005.08126152,   883.53545549,  3670.01819065,\n",
       "         6793.03530029,  1035.98147509,  2451.18516074,  2989.96398221,\n",
       "         1687.23602974,  3638.09754803,  7348.04901942,  3939.10035451,\n",
       "         2914.20499335,   428.06525895,  3625.11886853,  5898.57696217,\n",
       "         4379.21181756,    59.32528638,  3414.83145514,  2806.16571173,\n",
       "         3443.24096703,     0.        ]])"
      ]
     },
     "execution_count": 7,
     "metadata": {},
     "output_type": "execute_result"
    }
   ],
   "source": [
    "# compute Euclidean distance\n",
    "d = pairwise.pairwise_distances(utilities_df, metric = 'euclidean')\n",
    "d \n",
    "# 각 \"\"\"🍓레코드🍓\"\"\"마다 거리를 계산하는 거임!!! \n",
    "# array 형태"
   ]
  },
  {
   "cell_type": "code",
   "execution_count": 8,
   "id": "59b653c5",
   "metadata": {},
   "outputs": [
    {
     "data": {
      "text/html": [
       "<div>\n",
       "<style scoped>\n",
       "    .dataframe tbody tr th:only-of-type {\n",
       "        vertical-align: middle;\n",
       "    }\n",
       "\n",
       "    .dataframe tbody tr th {\n",
       "        vertical-align: top;\n",
       "    }\n",
       "\n",
       "    .dataframe thead th {\n",
       "        text-align: right;\n",
       "    }\n",
       "</style>\n",
       "<table border=\"1\" class=\"dataframe\">\n",
       "  <thead>\n",
       "    <tr style=\"text-align: right;\">\n",
       "      <th>Company</th>\n",
       "      <th>Arizona</th>\n",
       "      <th>Boston</th>\n",
       "      <th>Central</th>\n",
       "      <th>Commonwealth</th>\n",
       "      <th>NY</th>\n",
       "      <th>Florida</th>\n",
       "      <th>Hawaiian</th>\n",
       "      <th>Idaho</th>\n",
       "      <th>Kentucky</th>\n",
       "      <th>Madison</th>\n",
       "      <th>...</th>\n",
       "      <th>Northern</th>\n",
       "      <th>Oklahoma</th>\n",
       "      <th>Pacific</th>\n",
       "      <th>Puget</th>\n",
       "      <th>San Diego</th>\n",
       "      <th>Southern</th>\n",
       "      <th>Texas</th>\n",
       "      <th>Wisconsin</th>\n",
       "      <th>United</th>\n",
       "      <th>Virginia</th>\n",
       "    </tr>\n",
       "    <tr>\n",
       "      <th>Company</th>\n",
       "      <th></th>\n",
       "      <th></th>\n",
       "      <th></th>\n",
       "      <th></th>\n",
       "      <th></th>\n",
       "      <th></th>\n",
       "      <th></th>\n",
       "      <th></th>\n",
       "      <th></th>\n",
       "      <th></th>\n",
       "      <th></th>\n",
       "      <th></th>\n",
       "      <th></th>\n",
       "      <th></th>\n",
       "      <th></th>\n",
       "      <th></th>\n",
       "      <th></th>\n",
       "      <th></th>\n",
       "      <th></th>\n",
       "      <th></th>\n",
       "      <th></th>\n",
       "    </tr>\n",
       "  </thead>\n",
       "  <tbody>\n",
       "    <tr>\n",
       "      <th>Arizona</th>\n",
       "      <td>0.000000</td>\n",
       "      <td>3989.408076</td>\n",
       "      <td>140.402855</td>\n",
       "      <td>2654.277632</td>\n",
       "      <td>5777.167672</td>\n",
       "      <td>2050.529440</td>\n",
       "      <td>1435.265019</td>\n",
       "      <td>4006.104187</td>\n",
       "      <td>671.276346</td>\n",
       "      <td>2622.699002</td>\n",
       "      <td>...</td>\n",
       "      <td>1899.279821</td>\n",
       "      <td>598.556633</td>\n",
       "      <td>2609.045363</td>\n",
       "      <td>6914.742065</td>\n",
       "      <td>3363.061626</td>\n",
       "      <td>1063.009074</td>\n",
       "      <td>4430.251585</td>\n",
       "      <td>1790.485648</td>\n",
       "      <td>2427.588875</td>\n",
       "      <td>1016.617691</td>\n",
       "    </tr>\n",
       "    <tr>\n",
       "      <th>Boston</th>\n",
       "      <td>3989.408076</td>\n",
       "      <td>0.000000</td>\n",
       "      <td>4125.044132</td>\n",
       "      <td>1335.466502</td>\n",
       "      <td>1788.068027</td>\n",
       "      <td>6039.689076</td>\n",
       "      <td>2554.287162</td>\n",
       "      <td>7994.155985</td>\n",
       "      <td>3318.276558</td>\n",
       "      <td>1367.090634</td>\n",
       "      <td>...</td>\n",
       "      <td>2091.160485</td>\n",
       "      <td>4586.302564</td>\n",
       "      <td>1380.749962</td>\n",
       "      <td>10903.146464</td>\n",
       "      <td>629.760748</td>\n",
       "      <td>5052.331669</td>\n",
       "      <td>8419.610541</td>\n",
       "      <td>2199.721665</td>\n",
       "      <td>1562.210811</td>\n",
       "      <td>5005.081262</td>\n",
       "    </tr>\n",
       "    <tr>\n",
       "      <th>Central</th>\n",
       "      <td>140.402855</td>\n",
       "      <td>4125.044132</td>\n",
       "      <td>0.000000</td>\n",
       "      <td>2789.759674</td>\n",
       "      <td>5912.552908</td>\n",
       "      <td>1915.155154</td>\n",
       "      <td>1571.295401</td>\n",
       "      <td>3872.257626</td>\n",
       "      <td>807.920792</td>\n",
       "      <td>2758.559663</td>\n",
       "      <td>...</td>\n",
       "      <td>2035.441520</td>\n",
       "      <td>461.341670</td>\n",
       "      <td>2744.502847</td>\n",
       "      <td>6780.430307</td>\n",
       "      <td>3498.113013</td>\n",
       "      <td>928.749249</td>\n",
       "      <td>4295.014690</td>\n",
       "      <td>1925.772564</td>\n",
       "      <td>2563.637362</td>\n",
       "      <td>883.535455</td>\n",
       "    </tr>\n",
       "    <tr>\n",
       "      <th>Commonwealth</th>\n",
       "      <td>2654.277632</td>\n",
       "      <td>1335.466502</td>\n",
       "      <td>2789.759674</td>\n",
       "      <td>0.000000</td>\n",
       "      <td>3123.153215</td>\n",
       "      <td>4704.363099</td>\n",
       "      <td>1219.560005</td>\n",
       "      <td>6659.534567</td>\n",
       "      <td>1983.314354</td>\n",
       "      <td>43.648894</td>\n",
       "      <td>...</td>\n",
       "      <td>756.831954</td>\n",
       "      <td>3250.984589</td>\n",
       "      <td>56.644626</td>\n",
       "      <td>9568.434429</td>\n",
       "      <td>710.292965</td>\n",
       "      <td>3717.202963</td>\n",
       "      <td>7084.372839</td>\n",
       "      <td>864.273153</td>\n",
       "      <td>232.476871</td>\n",
       "      <td>3670.018191</td>\n",
       "    </tr>\n",
       "    <tr>\n",
       "      <th>NY</th>\n",
       "      <td>5777.167672</td>\n",
       "      <td>1788.068027</td>\n",
       "      <td>5912.552908</td>\n",
       "      <td>3123.153215</td>\n",
       "      <td>0.000000</td>\n",
       "      <td>7827.429211</td>\n",
       "      <td>4342.093798</td>\n",
       "      <td>9782.158178</td>\n",
       "      <td>5106.094153</td>\n",
       "      <td>3155.095594</td>\n",
       "      <td>...</td>\n",
       "      <td>3879.167462</td>\n",
       "      <td>6373.743249</td>\n",
       "      <td>3168.177463</td>\n",
       "      <td>12691.155108</td>\n",
       "      <td>2414.698757</td>\n",
       "      <td>6840.150291</td>\n",
       "      <td>10207.392630</td>\n",
       "      <td>3987.335962</td>\n",
       "      <td>3350.073118</td>\n",
       "      <td>6793.035300</td>\n",
       "    </tr>\n",
       "    <tr>\n",
       "      <th>Florida</th>\n",
       "      <td>2050.529440</td>\n",
       "      <td>6039.689076</td>\n",
       "      <td>1915.155154</td>\n",
       "      <td>4704.363099</td>\n",
       "      <td>7827.429211</td>\n",
       "      <td>0.000000</td>\n",
       "      <td>3485.671562</td>\n",
       "      <td>1959.731080</td>\n",
       "      <td>2721.706296</td>\n",
       "      <td>4672.829286</td>\n",
       "      <td>...</td>\n",
       "      <td>3949.092316</td>\n",
       "      <td>1454.292604</td>\n",
       "      <td>4659.356262</td>\n",
       "      <td>4866.111649</td>\n",
       "      <td>5413.093004</td>\n",
       "      <td>988.044559</td>\n",
       "      <td>2380.124974</td>\n",
       "      <td>3840.227943</td>\n",
       "      <td>4478.028874</td>\n",
       "      <td>1035.981475</td>\n",
       "    </tr>\n",
       "    <tr>\n",
       "      <th>Hawaiian</th>\n",
       "      <td>1435.265019</td>\n",
       "      <td>2554.287162</td>\n",
       "      <td>1571.295401</td>\n",
       "      <td>1219.560005</td>\n",
       "      <td>4342.093798</td>\n",
       "      <td>3485.671562</td>\n",
       "      <td>0.000000</td>\n",
       "      <td>5440.461781</td>\n",
       "      <td>764.083188</td>\n",
       "      <td>1187.941143</td>\n",
       "      <td>...</td>\n",
       "      <td>466.559118</td>\n",
       "      <td>2032.614245</td>\n",
       "      <td>1174.075616</td>\n",
       "      <td>8349.366438</td>\n",
       "      <td>1928.441480</td>\n",
       "      <td>2498.149024</td>\n",
       "      <td>5865.447190</td>\n",
       "      <td>358.476293</td>\n",
       "      <td>992.453252</td>\n",
       "      <td>2451.185161</td>\n",
       "    </tr>\n",
       "    <tr>\n",
       "      <th>Idaho</th>\n",
       "      <td>4006.104187</td>\n",
       "      <td>7994.155985</td>\n",
       "      <td>3872.257626</td>\n",
       "      <td>6659.534567</td>\n",
       "      <td>9782.158178</td>\n",
       "      <td>1959.731080</td>\n",
       "      <td>5440.461781</td>\n",
       "      <td>0.000000</td>\n",
       "      <td>4676.638384</td>\n",
       "      <td>6627.291780</td>\n",
       "      <td>...</td>\n",
       "      <td>5903.395450</td>\n",
       "      <td>3412.263965</td>\n",
       "      <td>6614.499239</td>\n",
       "      <td>2909.014679</td>\n",
       "      <td>7368.815437</td>\n",
       "      <td>2943.535570</td>\n",
       "      <td>447.828673</td>\n",
       "      <td>5795.958815</td>\n",
       "      <td>6432.132202</td>\n",
       "      <td>2989.963982</td>\n",
       "    </tr>\n",
       "    <tr>\n",
       "      <th>Kentucky</th>\n",
       "      <td>671.276346</td>\n",
       "      <td>3318.276558</td>\n",
       "      <td>807.920792</td>\n",
       "      <td>1983.314354</td>\n",
       "      <td>5106.094153</td>\n",
       "      <td>2721.706296</td>\n",
       "      <td>764.083188</td>\n",
       "      <td>4676.638384</td>\n",
       "      <td>0.000000</td>\n",
       "      <td>1951.628580</td>\n",
       "      <td>...</td>\n",
       "      <td>1228.436327</td>\n",
       "      <td>1269.102099</td>\n",
       "      <td>1938.026557</td>\n",
       "      <td>7585.467294</td>\n",
       "      <td>2692.212361</td>\n",
       "      <td>1734.103297</td>\n",
       "      <td>5101.414140</td>\n",
       "      <td>1119.940014</td>\n",
       "      <td>1756.378966</td>\n",
       "      <td>1687.236030</td>\n",
       "    </tr>\n",
       "    <tr>\n",
       "      <th>Madison</th>\n",
       "      <td>2622.699002</td>\n",
       "      <td>1367.090634</td>\n",
       "      <td>2758.559663</td>\n",
       "      <td>43.648894</td>\n",
       "      <td>3155.095594</td>\n",
       "      <td>4672.829286</td>\n",
       "      <td>1187.941143</td>\n",
       "      <td>6627.291780</td>\n",
       "      <td>1951.628580</td>\n",
       "      <td>0.000000</td>\n",
       "      <td>...</td>\n",
       "      <td>724.096182</td>\n",
       "      <td>3219.825109</td>\n",
       "      <td>53.301401</td>\n",
       "      <td>9536.242192</td>\n",
       "      <td>744.253668</td>\n",
       "      <td>3685.510088</td>\n",
       "      <td>7052.723883</td>\n",
       "      <td>833.472995</td>\n",
       "      <td>199.228400</td>\n",
       "      <td>3638.097548</td>\n",
       "    </tr>\n",
       "    <tr>\n",
       "      <th>Nevada</th>\n",
       "      <td>8364.031051</td>\n",
       "      <td>12353.062698</td>\n",
       "      <td>8229.223281</td>\n",
       "      <td>11018.057812</td>\n",
       "      <td>14141.022579</td>\n",
       "      <td>6314.359092</td>\n",
       "      <td>9799.015552</td>\n",
       "      <td>4359.599605</td>\n",
       "      <td>9035.007488</td>\n",
       "      <td>10986.098011</td>\n",
       "      <td>...</td>\n",
       "      <td>10262.157285</td>\n",
       "      <td>7768.384793</td>\n",
       "      <td>10973.010950</td>\n",
       "      <td>1452.162005</td>\n",
       "      <td>11727.066293</td>\n",
       "      <td>7301.040864</td>\n",
       "      <td>3934.617521</td>\n",
       "      <td>10154.118793</td>\n",
       "      <td>10791.049271</td>\n",
       "      <td>7348.049019</td>\n",
       "    </tr>\n",
       "    <tr>\n",
       "      <th>New England</th>\n",
       "      <td>2923.136103</td>\n",
       "      <td>1066.579432</td>\n",
       "      <td>3058.707429</td>\n",
       "      <td>271.452731</td>\n",
       "      <td>2854.099482</td>\n",
       "      <td>4973.506840</td>\n",
       "      <td>1488.014909</td>\n",
       "      <td>6928.326174</td>\n",
       "      <td>2252.026717</td>\n",
       "      <td>304.277034</td>\n",
       "      <td>...</td>\n",
       "      <td>1026.482994</td>\n",
       "      <td>3519.977565</td>\n",
       "      <td>314.354030</td>\n",
       "      <td>9837.281834</td>\n",
       "      <td>442.132760</td>\n",
       "      <td>3986.102433</td>\n",
       "      <td>7353.379146</td>\n",
       "      <td>1134.145010</td>\n",
       "      <td>496.687413</td>\n",
       "      <td>3939.100355</td>\n",
       "    </tr>\n",
       "    <tr>\n",
       "      <th>Northern</th>\n",
       "      <td>1899.279821</td>\n",
       "      <td>2091.160485</td>\n",
       "      <td>2035.441520</td>\n",
       "      <td>756.831954</td>\n",
       "      <td>3879.167462</td>\n",
       "      <td>3949.092316</td>\n",
       "      <td>466.559118</td>\n",
       "      <td>5903.395450</td>\n",
       "      <td>1228.436327</td>\n",
       "      <td>724.096182</td>\n",
       "      <td>...</td>\n",
       "      <td>0.000000</td>\n",
       "      <td>2496.638890</td>\n",
       "      <td>713.665046</td>\n",
       "      <td>8812.303559</td>\n",
       "      <td>1466.991954</td>\n",
       "      <td>2961.834750</td>\n",
       "      <td>6328.917948</td>\n",
       "      <td>119.981262</td>\n",
       "      <td>531.476328</td>\n",
       "      <td>2914.204993</td>\n",
       "    </tr>\n",
       "    <tr>\n",
       "      <th>Oklahoma</th>\n",
       "      <td>598.556633</td>\n",
       "      <td>4586.302564</td>\n",
       "      <td>461.341670</td>\n",
       "      <td>3250.984589</td>\n",
       "      <td>6373.743249</td>\n",
       "      <td>1454.292604</td>\n",
       "      <td>2032.614245</td>\n",
       "      <td>3412.263965</td>\n",
       "      <td>1269.102099</td>\n",
       "      <td>3219.825109</td>\n",
       "      <td>...</td>\n",
       "      <td>2496.638890</td>\n",
       "      <td>0.000000</td>\n",
       "      <td>3205.748876</td>\n",
       "      <td>6319.933836</td>\n",
       "      <td>3959.240748</td>\n",
       "      <td>470.164792</td>\n",
       "      <td>3834.012257</td>\n",
       "      <td>2386.942751</td>\n",
       "      <td>3024.952355</td>\n",
       "      <td>428.065259</td>\n",
       "    </tr>\n",
       "    <tr>\n",
       "      <th>Pacific</th>\n",
       "      <td>2609.045363</td>\n",
       "      <td>1380.749962</td>\n",
       "      <td>2744.502847</td>\n",
       "      <td>56.644626</td>\n",
       "      <td>3168.177463</td>\n",
       "      <td>4659.356262</td>\n",
       "      <td>1174.075616</td>\n",
       "      <td>6614.499239</td>\n",
       "      <td>1938.026557</td>\n",
       "      <td>53.301401</td>\n",
       "      <td>...</td>\n",
       "      <td>713.665046</td>\n",
       "      <td>3205.748876</td>\n",
       "      <td>0.000000</td>\n",
       "      <td>9523.413499</td>\n",
       "      <td>754.612093</td>\n",
       "      <td>3672.035402</td>\n",
       "      <td>7039.262070</td>\n",
       "      <td>820.164297</td>\n",
       "      <td>186.388651</td>\n",
       "      <td>3625.118869</td>\n",
       "    </tr>\n",
       "    <tr>\n",
       "      <th>Puget</th>\n",
       "      <td>6914.742065</td>\n",
       "      <td>10903.146464</td>\n",
       "      <td>6780.430307</td>\n",
       "      <td>9568.434429</td>\n",
       "      <td>12691.155108</td>\n",
       "      <td>4866.111649</td>\n",
       "      <td>8349.366438</td>\n",
       "      <td>2909.014679</td>\n",
       "      <td>7585.467294</td>\n",
       "      <td>9536.242192</td>\n",
       "      <td>...</td>\n",
       "      <td>8812.303559</td>\n",
       "      <td>6319.933836</td>\n",
       "      <td>9523.413499</td>\n",
       "      <td>0.000000</td>\n",
       "      <td>10277.660378</td>\n",
       "      <td>5851.893307</td>\n",
       "      <td>2488.432223</td>\n",
       "      <td>8704.721278</td>\n",
       "      <td>9341.126615</td>\n",
       "      <td>5898.576962</td>\n",
       "    </tr>\n",
       "    <tr>\n",
       "      <th>San Diego</th>\n",
       "      <td>3363.061626</td>\n",
       "      <td>629.760748</td>\n",
       "      <td>3498.113013</td>\n",
       "      <td>710.292965</td>\n",
       "      <td>2414.698757</td>\n",
       "      <td>5413.093004</td>\n",
       "      <td>1928.441480</td>\n",
       "      <td>7368.815437</td>\n",
       "      <td>2692.212361</td>\n",
       "      <td>744.253668</td>\n",
       "      <td>...</td>\n",
       "      <td>1466.991954</td>\n",
       "      <td>3959.240748</td>\n",
       "      <td>754.612093</td>\n",
       "      <td>10277.660378</td>\n",
       "      <td>0.000000</td>\n",
       "      <td>4426.041889</td>\n",
       "      <td>7793.083947</td>\n",
       "      <td>1573.408379</td>\n",
       "      <td>938.522726</td>\n",
       "      <td>4379.211818</td>\n",
       "    </tr>\n",
       "    <tr>\n",
       "      <th>Southern</th>\n",
       "      <td>1063.009074</td>\n",
       "      <td>5052.331669</td>\n",
       "      <td>928.749249</td>\n",
       "      <td>3717.202963</td>\n",
       "      <td>6840.150291</td>\n",
       "      <td>988.044559</td>\n",
       "      <td>2498.149024</td>\n",
       "      <td>2943.535570</td>\n",
       "      <td>1734.103297</td>\n",
       "      <td>3685.510088</td>\n",
       "      <td>...</td>\n",
       "      <td>2961.834750</td>\n",
       "      <td>470.164792</td>\n",
       "      <td>3672.035402</td>\n",
       "      <td>5851.893307</td>\n",
       "      <td>4426.041889</td>\n",
       "      <td>0.000000</td>\n",
       "      <td>3367.318870</td>\n",
       "      <td>2853.298778</td>\n",
       "      <td>3490.422918</td>\n",
       "      <td>59.325286</td>\n",
       "    </tr>\n",
       "    <tr>\n",
       "      <th>Texas</th>\n",
       "      <td>4430.251585</td>\n",
       "      <td>8419.610541</td>\n",
       "      <td>4295.014690</td>\n",
       "      <td>7084.372839</td>\n",
       "      <td>10207.392630</td>\n",
       "      <td>2380.124974</td>\n",
       "      <td>5865.447190</td>\n",
       "      <td>447.828673</td>\n",
       "      <td>5101.414140</td>\n",
       "      <td>7052.723883</td>\n",
